Распоряжаев
Владелец
350000
45500
24500
17500
17500
10500
234500
Слабоумов
Аналитик
200000
26000
14000
10000
10000
6000
134000
Пистолетов
Киллер
200000
26000
14000
10000
10000
6000
134000
Задолбаев
Тимлидер
120000
15600
8400
6000
6000
3600
80400
Боссович
Директор
100000
13000
7000
5000
5000
3000
67000
Сишарпов
Разработчик
70000
9100
4900
3500
3500
2100
46900
Принтеров
Сисадмин
70000
9100
4900
3500
3500
2100
46900
Крокодилова
Модель
65500
8515
4585
3275
3275
1965
43885
Гуглов
Аналитик
60000
7800
4200
3000
3000
1800
40200
Бездельная
Дизайнер
52000
6760
3640
2600
2600
1560
34840
Яваскриптов
Вебдизайнер
50000
6500
3500
2500
2500
1500
33500
Питонов
Программист
50000
6500
3500
2500
2500
1500
33500
Джонсон
Переводчик
50000
6500
3500
2500
2500
1500
33500
Паскалько
Программист
45000
5850
3150
2250
2250
1350
30150
Неумелов
Менеджер
44000
5720
3080
2200
2200
1320
29480
Ломаев
Тестировщик
44000
5720
3080
2200
2200
1320
29480
Немой
Переговорщик
40000
5200
2800
2000
2000
1200
26800
Гладкокожинова
Представитель
38000
4940
2660
1900
1900
1140
25460
Втюхленко
Маркетолог
35000
4550
2450
1750
1750
1050
23450
Аштиэмэлев
Верстальщик
35000
4550
2450
1750
1750
1050
23450
Вордэкселева
Секретарь
34000
4420
2380
1700
1700
1020
22780
Подсудная
Юрист
32400
4212
2268
1620
1620
972
21708
Пифагоров
Математик
31416
4084.08
2199.12
1570.8
1570.8
942.48
21048.72
Полуфабрикатов
Переработчик
30000
3900
2100
1500
1500
900
20100
Доставалов
Советник
30000
3900
2100
1500
1500
900
20100
Воровайко
Закупщик
28000
3640
1960
1400
1400
840
18760
Эйнштейнов
Ученый
27400
3562
1918
1370
1370
822
18358
Припасов
Завхоз
27000
3510
1890
1350
1350
810
18090
Сарделькина
Повар
26000
3380
1820
1300
1300
780
17420
Дудев
Журналист
26000
3380
1820
1300
1300
780
17420
Пилюлькина
Врач
25900
3367
1813
1295
1295
777
17353
Телефонов
Оператор
25000
3250
1750
1250
1250
750
16750
Считалова
Бухгалтер
25000
3250
1750
1250
1250
750
16750
Жигулев
Водитель
25000
3250
1750
1250
1250
750
16750
Баранкин
Водитель
25000
3250
1750
1250
1250
750
16750
Воротилло
Грузчик
24000
3120
1680
1200
1200
720
16080
Ядонюхова
Эколог
23000
2990
1610
1150
1150
690
15410
Капризова
Художник
22600
2938
1582
1130
1130
678
15142
Молчалин
Портье
22000
2860
1540
1100
1100
660
14740
Половникова
Повар
20000
2600
1400
1000
1000
600
13400
Дрыщенко
Сторож
20000
2600
1400
1000
1000
600
13400
Кнопочкин
Копирайтер
18000
2340
1260
900
900
540
12060
Билетикова
Контролер
18000
2340
1260
900
900
540
12060
Вольтамперный
Электрик
16500
2145
1155
825
825
495
11055
Пропанбутанов
Газовщик
16200
2106
1134
810
810
486
10854
Затрубин
Сантехник
16000
2080
1120
800
800
480
10720
Кустарников
Садовод
15000
1950
1050
750
750
450
10050
Заслоняев
Охранник
15000
1950
1050
750
750
450
10050
Номеркова
Гардеробщик
14000
1820
980
700
700
420
9380
Швабрин
Уборщик
8000
1040
560
400
400
240
5360
